[
    [
        [
            [0.19,3.49],
            [-3.71,0.22]
        ],
        [
            [2.28,3.8],
            [5.05,-2.39]
        ]
    ],
    [
        [
            [5.2,-0.63],
            [0.32,1.19],
            [5.04,3.58]
        ],
        [
            [5.09,-0.63],
            [-5.01,-0.6],
            [0.1,3.64]
        ],
        [
            [1.45,3.56],
            [3.14,3.6],
            [4.83,3.66]
        ],
        [
            [-2.43,3.75],
            [-5.18,3.71],
            [-5.26,2.37],
            [-2.4,2.44]
        ]
    ],
    [
        [
            [-0.6,2.47],
            [-0.66,3.81],
            [-3.65,3.77],
            [-3.54,2.49]
        ],
        [
            [4.93,3.62],
            [-5.11,3.62]
        ],
        [
            [-2.02,-2.4],
            [0.02,3.74],
            [2.24,-2.45]
        ],
    ],
    [
        [
            [-5.19,-2.43],
            [-2.43,-2.44],
            [-2.45,-1.1],
            [-5.24,-1.14],
            [-0.11,0.23]
        ],
        [
            [-5.07,0.21],
            [-3.12,1.76],
            [1.32,3.9],
            [-0.48,0.18],
            [3.58,-2.27]
        ],
        [
            [-0.73,1.38],
            [4.37,1.41],
            [0.68,1.43],
            [-3.39,3.85],
            [-4.41,-2.46]
        ],
        [
            [5.09,-1.05],
            [2.1,-1.06],
            [5.16,-2.44],
            [2.15,-2.43]
        ]
    ]
]

